{
 "cells": [
  {
   "cell_type": "markdown",
   "metadata": {},
   "source": [
    "# Detecting blurred images\n",
    "## Edge Detection\n",
    "The images losses it's edges due to defocus and so the features are selected as edges through sobel and laplacian operators\n",
    "\n",
    "## Sobel Edge Detection\n",
    "Sobel Edge operator It is a edge detection operator based on gradient method i.e., the first order derivative method. Along x or along y or bi-directional. The edges are detected by convolving the kernel with actual image. The sobel operator kernel used here is bi-directional\n",
    "\n",
    "\n",
    "## Robert Edge Operator\n",
    "Roberts Edge Operator It is similar to Sobel operator gives the gradient magnitude highlighting the edges\n",
    "\n",
    "\n",
    "## Laplacian Edge Operator\n",
    "Laplacian Edge operator It is also an edge detection operator based on gradient methos but it calculated the second dervative od the data . It internally calls the sobel operator for first derivative.\n",
    "\n",
    "\n",
    "## Zero-Crossing\n",
    "Why Derivative? The edges can be deteced by finding the local maxima or minima of it's first derivative The edges can be deteced by finding the zero-crossing of it's second derivative"
   ]
  },
  {
   "cell_type": "code",
   "execution_count": 1,
   "metadata": {},
   "outputs": [],
   "source": [
    "# This Python 3 environment comes with many helpful analytics libraries installed\n",
    "# It is defined by the kaggle/python docker image: https://github.com/kaggle/docker-python\n",
    "# For example, here's several helpful packages to load in \n",
    "\n",
    "import numpy as np # linear algebra\n",
    "import pandas as pd # data processing, CSV file I/O (e.g. pd.read_csv)\n",
    "\n",
    "# Input data files are available in the \"../input/\" directory.\n",
    "# For example, running this (by clicking run or pressing Shift+Enter) will list the files in the input directory\n",
    "\n",
    "import os\n",
    "#print(os.listdir(\"../input\"))\n",
    "import matplotlib.pyplot as plt\n",
    "import cv2\n",
    "import sklearn\n",
    "import seaborn as sb\n",
    "\n",
    "from skimage.color import rgb2gray\n",
    "from skimage.filters import laplace, sobel, roberts\n",
    "# Any results you write to the current directory are saved as output."
   ]
  },
  {
   "cell_type": "code",
   "execution_count": 3,
   "metadata": {},
   "outputs": [
    {
     "name": "stdout",
     "output_type": "stream",
     "text": [
      "Sobel operator:\n",
      " [[ 1  0 -1]\n",
      " [ 2  0 -2]\n",
      " [ 1  0 -1]]\n",
      "Laplacian operator:\n",
      " [[ 0 -1  0]\n",
      " [-1  4 -1]\n",
      " [ 0 -1  0]]\n"
     ]
    }
   ],
   "source": [
    "print('Sobel operator:\\n',np.matrix([[1,0,-1],[2,0,-2],[1,0,-1]]))\n",
    "print('Laplacian operator:\\n',np.matrix([[0,-1,0],[-1,4,-1],[0,-1,0]]))"
   ]
  },
  {
   "cell_type": "code",
   "execution_count": 14,
   "metadata": {},
   "outputs": [],
   "source": [
    "def get_data(path,images):\n",
    "    features=[]\n",
    "    for img in images:\n",
    "        print(img)\n",
    "        feature=[]\n",
    "        image_gray = cv2.imread(path+img,0)\n",
    "        lap_feat = laplace(image_gray)\n",
    "        sob_feat = sobel(image_gray)\n",
    "        rob_feat = roberts(image_gray)\n",
    "        feature.extend([img,lap_feat.mean(),lap_feat.var(),np.amax(lap_feat),\n",
    "                        sob_feat.mean(),sob_feat.var(),np.max(sob_feat),\n",
    "                        rob_feat.mean(),rob_feat.var(),np.max(rob_feat)])\n",
    "        \n",
    "        features.append(feature)\n",
    "    return features"
   ]
  },
  {
   "cell_type": "code",
   "execution_count": 19,
   "metadata": {},
   "outputs": [
    {
     "name": "stdout",
     "output_type": "stream",
     "text": [
      "/Users/bab226/Pictures/test_dataset/20190821_182219.jpg\n",
      "/Users/bab226/Pictures/test_dataset/20191002_225540.jpg\n",
      "/Users/bab226/Pictures/test_dataset/20191012_113442.jpg\n",
      "/Users/bab226/Pictures/test_dataset/20191019_135455.jpg\n",
      "/Users/bab226/Pictures/test_dataset/20191019_172548.jpg\n",
      "/Users/bab226/Pictures/test_dataset/20191109_112448.jpg\n",
      "/Users/bab226/Pictures/test_dataset/20200120_200955.jpg\n",
      "/Users/bab226/Pictures/test_dataset/20200307_170020.jpg\n",
      "/Users/bab226/Pictures/test_dataset/20200325_185453.jpg\n",
      "/Users/bab226/Pictures/test_dataset/20200330_151519.jpg\n",
      "/Users/bab226/Pictures/test_dataset/20200526_145239.jpg\n",
      "/Users/bab226/Pictures/test_dataset/20200718_172114.jpg\n",
      "/Users/bab226/Pictures/test_dataset/20200904_191741.jpg\n",
      "/Users/bab226/Pictures/test_dataset/20200905_114459.jpg\n",
      "/Users/bab226/Pictures/test_dataset/20211010_124904.jpg\n",
      "/Users/bab226/Pictures/test_dataset/20211119_113427.jpg\n",
      "/Users/bab226/Pictures/test_dataset/20211119_113429.jpg\n",
      "/Users/bab226/Pictures/test_dataset/20211222_174153.jpg\n",
      "/Users/bab226/Pictures/test_dataset/20220104_142407.jpg\n",
      "/Users/bab226/Pictures/test_dataset/20220125_110515.jpg\n",
      "/Users/bab226/Pictures/test_dataset/20220224_152530.jpg\n",
      "/Users/bab226/Pictures/test_dataset/20220410_001700.jpg\n",
      "/Users/bab226/Pictures/test_dataset/20220410_220545.jpg\n",
      "/Users/bab226/Pictures/test_dataset/20220411_102310.jpg\n",
      "/Users/bab226/Pictures/test_dataset/20220411_102444.jpg\n",
      "/Users/bab226/Pictures/test_dataset/20220411_112227.jpg\n",
      "/Users/bab226/Pictures/test_dataset/20220411_162521.jpg\n",
      "/Users/bab226/Pictures/test_dataset/20220417_223627.jpg\n",
      "/Users/bab226/Pictures/test_dataset/20220609_165057.jpg\n",
      "/Users/bab226/Pictures/test_dataset/20220616_134941.jpg\n",
      "/Users/bab226/Pictures/test_dataset/20220701_183500.jpg\n",
      "/Users/bab226/Pictures/test_dataset/20220707_204226.jpg\n",
      "/Users/bab226/Pictures/test_dataset/20220712_203817.jpg\n",
      "/Users/bab226/Pictures/test_dataset/20220716_161322.jpg\n",
      "/Users/bab226/Pictures/test_dataset/20220727_181333.jpg\n",
      "/Users/bab226/Pictures/test_dataset/20220727_212413.jpg\n",
      "/Users/bab226/Pictures/test_dataset/20220727_221702.jpg\n",
      "/Users/bab226/Pictures/test_dataset/20220727_233854.jpg\n",
      "/Users/bab226/Pictures/test_dataset/20220819_191139.jpg\n",
      "/Users/bab226/Pictures/test_dataset/20230101_113633.jpg\n",
      "/Users/bab226/Pictures/test_dataset/20230102_224728.jpg\n",
      "/Users/bab226/Pictures/test_dataset/20230125_130616.jpg\n",
      "/Users/bab226/Pictures/test_dataset/20230201_174755.jpg\n",
      "/Users/bab226/Pictures/test_dataset/20230311_205214.jpg\n",
      "/Users/bab226/Pictures/test_dataset/20230325_175212.jpg\n",
      "/Users/bab226/Pictures/test_dataset/20230328_184153.jpg\n",
      "/Users/bab226/Pictures/test_dataset/20230405_214400.jpg\n",
      "/Users/bab226/Pictures/test_dataset/20230422_075736.jpg\n",
      "/Users/bab226/Pictures/test_dataset/20230423_115856.jpg\n",
      "/Users/bab226/Pictures/test_dataset/20250226_131801.jpg\n",
      "/Users/bab226/Pictures/test_dataset/20250226_131809.jpg\n",
      "/Users/bab226/Pictures/test_dataset/20250226_131810.jpg\n",
      "/Users/bab226/Pictures/test_dataset/20250226_131818.jpg\n",
      "/Users/bab226/Pictures/test_dataset/20250226_131821.jpg\n",
      "/Users/bab226/Pictures/test_dataset/20250226_131823.jpg\n",
      "/Users/bab226/Pictures/test_dataset/20250226_131833.jpg\n",
      "/Users/bab226/Pictures/test_dataset/20250226_131913.jpg\n",
      "/Users/bab226/Pictures/test_dataset/Snapchat-1840777447.jpg\n"
     ]
    }
   ],
   "source": [
    "from glob import glob\n",
    "\n",
    "path = \"/Users/bab226/Pictures/test_dataset/\"\n",
    "#path = \"/Users/bab226/Pictures/test_dataset/20190821_182219.jpg\"\n",
    "test_images = sorted(glob(path + \"*.jpg\"))\n",
    "#test_images = [path]\n",
    "#print(test_images)\n",
    "\n",
    "test_features = get_data(\"\", test_images)"
   ]
  },
  {
   "cell_type": "code",
   "execution_count": 20,
   "metadata": {},
   "outputs": [
    {
     "data": {
      "text/html": [
       "<div>\n",
       "<style scoped>\n",
       "    .dataframe tbody tr th:only-of-type {\n",
       "        vertical-align: middle;\n",
       "    }\n",
       "\n",
       "    .dataframe tbody tr th {\n",
       "        vertical-align: top;\n",
       "    }\n",
       "\n",
       "    .dataframe thead th {\n",
       "        text-align: right;\n",
       "    }\n",
       "</style>\n",
       "<table border=\"1\" class=\"dataframe\">\n",
       "  <thead>\n",
       "    <tr style=\"text-align: right;\">\n",
       "      <th></th>\n",
       "      <th>1</th>\n",
       "      <th>2</th>\n",
       "      <th>3</th>\n",
       "      <th>4</th>\n",
       "      <th>5</th>\n",
       "      <th>6</th>\n",
       "      <th>7</th>\n",
       "      <th>8</th>\n",
       "      <th>9</th>\n",
       "    </tr>\n",
       "  </thead>\n",
       "  <tbody>\n",
       "    <tr>\n",
       "      <th>0</th>\n",
       "      <td>1.193196e-19</td>\n",
       "      <td>0.001765</td>\n",
       "      <td>0.827451</td>\n",
       "      <td>0.022101</td>\n",
       "      <td>0.001600</td>\n",
       "      <td>0.587477</td>\n",
       "      <td>0.019269</td>\n",
       "      <td>0.000992</td>\n",
       "      <td>0.595898</td>\n",
       "    </tr>\n",
       "    <tr>\n",
       "      <th>1</th>\n",
       "      <td>8.522829e-20</td>\n",
       "      <td>0.003444</td>\n",
       "      <td>0.694118</td>\n",
       "      <td>0.030390</td>\n",
       "      <td>0.001270</td>\n",
       "      <td>0.608811</td>\n",
       "      <td>0.028787</td>\n",
       "      <td>0.000846</td>\n",
       "      <td>0.553386</td>\n",
       "    </tr>\n",
       "    <tr>\n",
       "      <th>2</th>\n",
       "      <td>4.726653e-20</td>\n",
       "      <td>0.007488</td>\n",
       "      <td>1.086275</td>\n",
       "      <td>0.048585</td>\n",
       "      <td>0.003183</td>\n",
       "      <td>0.649731</td>\n",
       "      <td>0.041699</td>\n",
       "      <td>0.002454</td>\n",
       "      <td>0.630593</td>\n",
       "    </tr>\n",
       "    <tr>\n",
       "      <th>3</th>\n",
       "      <td>-1.073884e-19</td>\n",
       "      <td>0.004625</td>\n",
       "      <td>1.250980</td>\n",
       "      <td>0.025794</td>\n",
       "      <td>0.002618</td>\n",
       "      <td>0.656530</td>\n",
       "      <td>0.023078</td>\n",
       "      <td>0.002011</td>\n",
       "      <td>0.692226</td>\n",
       "    </tr>\n",
       "    <tr>\n",
       "      <th>4</th>\n",
       "      <td>6.319180e-20</td>\n",
       "      <td>0.000425</td>\n",
       "      <td>0.317647</td>\n",
       "      <td>0.016649</td>\n",
       "      <td>0.000294</td>\n",
       "      <td>0.268026</td>\n",
       "      <td>0.013784</td>\n",
       "      <td>0.000174</td>\n",
       "      <td>0.231406</td>\n",
       "    </tr>\n",
       "  </tbody>\n",
       "</table>\n",
       "</div>"
      ],
      "text/plain": [
       "              1         2         3         4         5         6         7  \\\n",
       "0  1.193196e-19  0.001765  0.827451  0.022101  0.001600  0.587477  0.019269   \n",
       "1  8.522829e-20  0.003444  0.694118  0.030390  0.001270  0.608811  0.028787   \n",
       "2  4.726653e-20  0.007488  1.086275  0.048585  0.003183  0.649731  0.041699   \n",
       "3 -1.073884e-19  0.004625  1.250980  0.025794  0.002618  0.656530  0.023078   \n",
       "4  6.319180e-20  0.000425  0.317647  0.016649  0.000294  0.268026  0.013784   \n",
       "\n",
       "          8         9  \n",
       "0  0.000992  0.595898  \n",
       "1  0.000846  0.553386  \n",
       "2  0.002454  0.630593  \n",
       "3  0.002011  0.692226  \n",
       "4  0.000174  0.231406  "
      ]
     },
     "execution_count": 20,
     "metadata": {},
     "output_type": "execute_result"
    }
   ],
   "source": [
    "test_df = pd.DataFrame(test_features)\n",
    "test_df.drop(0,axis=1,inplace=True)\n",
    "test_df.head()"
   ]
  },
  {
   "cell_type": "code",
   "execution_count": null,
   "metadata": {},
   "outputs": [
    {
     "data": {
      "text/html": [
       "<div>\n",
       "<style scoped>\n",
       "    .dataframe tbody tr th:only-of-type {\n",
       "        vertical-align: middle;\n",
       "    }\n",
       "\n",
       "    .dataframe tbody tr th {\n",
       "        vertical-align: top;\n",
       "    }\n",
       "\n",
       "    .dataframe thead th {\n",
       "        text-align: right;\n",
       "    }\n",
       "</style>\n",
       "<table border=\"1\" class=\"dataframe\">\n",
       "  <thead>\n",
       "    <tr style=\"text-align: right;\">\n",
       "      <th></th>\n",
       "      <th>0</th>\n",
       "      <th>1</th>\n",
       "      <th>2</th>\n",
       "      <th>3</th>\n",
       "      <th>4</th>\n",
       "      <th>5</th>\n",
       "      <th>6</th>\n",
       "      <th>7</th>\n",
       "      <th>8</th>\n",
       "      <th>9</th>\n",
       "      <th>sharp</th>\n",
       "      <th>defocused</th>\n",
       "      <th>motion</th>\n",
       "    </tr>\n",
       "  </thead>\n",
       "  <tbody>\n",
       "    <tr>\n",
       "      <th>0</th>\n",
       "      <td>/Users/bab226/Pictures/test_dataset/20190821_1...</td>\n",
       "      <td>1.193196e-19</td>\n",
       "      <td>0.001765</td>\n",
       "      <td>0.827451</td>\n",
       "      <td>0.022101</td>\n",
       "      <td>0.001600</td>\n",
       "      <td>0.587477</td>\n",
       "      <td>0.019269</td>\n",
       "      <td>0.000992</td>\n",
       "      <td>0.595898</td>\n",
       "      <td>0.607874</td>\n",
       "      <td>0.002701</td>\n",
       "      <td>0.389425</td>\n",
       "    </tr>\n",
       "    <tr>\n",
       "      <th>1</th>\n",
       "      <td>/Users/bab226/Pictures/test_dataset/20191002_2...</td>\n",
       "      <td>8.522829e-20</td>\n",
       "      <td>0.003444</td>\n",
       "      <td>0.694118</td>\n",
       "      <td>0.030390</td>\n",
       "      <td>0.001270</td>\n",
       "      <td>0.608811</td>\n",
       "      <td>0.028787</td>\n",
       "      <td>0.000846</td>\n",
       "      <td>0.553386</td>\n",
       "      <td>0.639446</td>\n",
       "      <td>0.008055</td>\n",
       "      <td>0.352499</td>\n",
       "    </tr>\n",
       "    <tr>\n",
       "      <th>2</th>\n",
       "      <td>/Users/bab226/Pictures/test_dataset/20191012_1...</td>\n",
       "      <td>4.726653e-20</td>\n",
       "      <td>0.007488</td>\n",
       "      <td>1.086275</td>\n",
       "      <td>0.048585</td>\n",
       "      <td>0.003183</td>\n",
       "      <td>0.649731</td>\n",
       "      <td>0.041699</td>\n",
       "      <td>0.002454</td>\n",
       "      <td>0.630593</td>\n",
       "      <td>0.976228</td>\n",
       "      <td>0.000278</td>\n",
       "      <td>0.023495</td>\n",
       "    </tr>\n",
       "    <tr>\n",
       "      <th>3</th>\n",
       "      <td>/Users/bab226/Pictures/test_dataset/20191019_1...</td>\n",
       "      <td>-1.073884e-19</td>\n",
       "      <td>0.004625</td>\n",
       "      <td>1.250980</td>\n",
       "      <td>0.025794</td>\n",
       "      <td>0.002618</td>\n",
       "      <td>0.656530</td>\n",
       "      <td>0.023078</td>\n",
       "      <td>0.002011</td>\n",
       "      <td>0.692226</td>\n",
       "      <td>0.920407</td>\n",
       "      <td>0.000450</td>\n",
       "      <td>0.079143</td>\n",
       "    </tr>\n",
       "    <tr>\n",
       "      <th>4</th>\n",
       "      <td>/Users/bab226/Pictures/test_dataset/20191019_1...</td>\n",
       "      <td>6.319180e-20</td>\n",
       "      <td>0.000425</td>\n",
       "      <td>0.317647</td>\n",
       "      <td>0.016649</td>\n",
       "      <td>0.000294</td>\n",
       "      <td>0.268026</td>\n",
       "      <td>0.013784</td>\n",
       "      <td>0.000174</td>\n",
       "      <td>0.231406</td>\n",
       "      <td>0.043012</td>\n",
       "      <td>0.720660</td>\n",
       "      <td>0.236328</td>\n",
       "    </tr>\n",
       "  </tbody>\n",
       "</table>\n",
       "</div>"
      ],
      "text/plain": [
       "                                                   0             1         2  \\\n",
       "0  /Users/bab226/Pictures/test_dataset/20190821_1...  1.193196e-19  0.001765   \n",
       "1  /Users/bab226/Pictures/test_dataset/20191002_2...  8.522829e-20  0.003444   \n",
       "2  /Users/bab226/Pictures/test_dataset/20191012_1...  4.726653e-20  0.007488   \n",
       "3  /Users/bab226/Pictures/test_dataset/20191019_1... -1.073884e-19  0.004625   \n",
       "4  /Users/bab226/Pictures/test_dataset/20191019_1...  6.319180e-20  0.000425   \n",
       "\n",
       "          3         4         5         6         7         8         9  \\\n",
       "0  0.827451  0.022101  0.001600  0.587477  0.019269  0.000992  0.595898   \n",
       "1  0.694118  0.030390  0.001270  0.608811  0.028787  0.000846  0.553386   \n",
       "2  1.086275  0.048585  0.003183  0.649731  0.041699  0.002454  0.630593   \n",
       "3  1.250980  0.025794  0.002618  0.656530  0.023078  0.002011  0.692226   \n",
       "4  0.317647  0.016649  0.000294  0.268026  0.013784  0.000174  0.231406   \n",
       "\n",
       "      sharp  defocused    motion  \n",
       "0  0.607874   0.002701  0.389425  \n",
       "1  0.639446   0.008055  0.352499  \n",
       "2  0.976228   0.000278  0.023495  \n",
       "3  0.920407   0.000450  0.079143  \n",
       "4  0.043012   0.720660  0.236328  "
      ]
     },
     "execution_count": 32,
     "metadata": {},
     "output_type": "execute_result"
    }
   ],
   "source": [
    "test_df2 = pd.DataFrame(test_features)\n",
    "test_df2['sharp'] = probabilities[:, 0]\n",
    "test_df2['defocused'] = probabilities[:, 1]\n",
    "test_df2['motion'] = probabilities[:, 2]\n",
    "test_df2.head()"
   ]
  },
  {
   "cell_type": "code",
   "execution_count": 48,
   "metadata": {},
   "outputs": [
    {
     "name": "stdout",
     "output_type": "stream",
     "text": [
      "                                                              0             1  \\\n",
      "52      /Users/bab226/Pictures/test_dataset/20250226_131818.jpg -1.388272e-19   \n",
      "4       /Users/bab226/Pictures/test_dataset/20191019_172548.jpg  6.319180e-20   \n",
      "9       /Users/bab226/Pictures/test_dataset/20200330_151519.jpg -2.257894e-18   \n",
      "27      /Users/bab226/Pictures/test_dataset/20220417_223627.jpg  7.247497e-20   \n",
      "54      /Users/bab226/Pictures/test_dataset/20250226_131823.jpg -1.115399e-19   \n",
      "22      /Users/bab226/Pictures/test_dataset/20220410_220545.jpg -1.473816e-18   \n",
      "5       /Users/bab226/Pictures/test_dataset/20191109_112448.jpg  4.776244e-19   \n",
      "53      /Users/bab226/Pictures/test_dataset/20250226_131821.jpg -1.958666e-19   \n",
      "10      /Users/bab226/Pictures/test_dataset/20200526_145239.jpg -7.126760e-19   \n",
      "49      /Users/bab226/Pictures/test_dataset/20250226_131801.jpg  5.854307e-21   \n",
      "17      /Users/bab226/Pictures/test_dataset/20211222_174153.jpg  2.668672e-19   \n",
      "51      /Users/bab226/Pictures/test_dataset/20250226_131810.jpg -2.624455e-19   \n",
      "19      /Users/bab226/Pictures/test_dataset/20220125_110515.jpg  2.610268e-21   \n",
      "50      /Users/bab226/Pictures/test_dataset/20250226_131809.jpg -9.954786e-20   \n",
      "13      /Users/bab226/Pictures/test_dataset/20200905_114459.jpg  1.161144e-19   \n",
      "57  /Users/bab226/Pictures/test_dataset/Snapchat-1840777447.jpg  1.214306e-19   \n",
      "30      /Users/bab226/Pictures/test_dataset/20220701_183500.jpg  1.206687e-19   \n",
      "20      /Users/bab226/Pictures/test_dataset/20220224_152530.jpg  1.703595e-19   \n",
      "7       /Users/bab226/Pictures/test_dataset/20200307_170020.jpg -6.457682e-19   \n",
      "0       /Users/bab226/Pictures/test_dataset/20190821_182219.jpg  1.193196e-19   \n",
      "1       /Users/bab226/Pictures/test_dataset/20191002_225540.jpg  8.522829e-20   \n",
      "29      /Users/bab226/Pictures/test_dataset/20220616_134941.jpg -8.715180e-20   \n",
      "35      /Users/bab226/Pictures/test_dataset/20220727_212413.jpg -1.599206e-19   \n",
      "18      /Users/bab226/Pictures/test_dataset/20220104_142407.jpg  4.179592e-18   \n",
      "46      /Users/bab226/Pictures/test_dataset/20230405_214400.jpg -1.389148e-19   \n",
      "6       /Users/bab226/Pictures/test_dataset/20200120_200955.jpg -2.061141e-19   \n",
      "56      /Users/bab226/Pictures/test_dataset/20250226_131913.jpg -3.447231e-19   \n",
      "8       /Users/bab226/Pictures/test_dataset/20200325_185453.jpg -2.071157e-18   \n",
      "40      /Users/bab226/Pictures/test_dataset/20230102_224728.jpg  3.381936e-19   \n",
      "43      /Users/bab226/Pictures/test_dataset/20230311_205214.jpg -1.804606e-19   \n",
      "55      /Users/bab226/Pictures/test_dataset/20250226_131833.jpg -4.468623e-19   \n",
      "21      /Users/bab226/Pictures/test_dataset/20220410_001700.jpg -5.006141e-19   \n",
      "26      /Users/bab226/Pictures/test_dataset/20220411_162521.jpg -1.698451e-19   \n",
      "31      /Users/bab226/Pictures/test_dataset/20220707_204226.jpg -3.357661e-18   \n",
      "41      /Users/bab226/Pictures/test_dataset/20230125_130616.jpg  5.550037e-19   \n",
      "14      /Users/bab226/Pictures/test_dataset/20211010_124904.jpg -1.040516e-19   \n",
      "32      /Users/bab226/Pictures/test_dataset/20220712_203817.jpg  4.900532e-19   \n",
      "42      /Users/bab226/Pictures/test_dataset/20230201_174755.jpg -2.431070e-19   \n",
      "44      /Users/bab226/Pictures/test_dataset/20230325_175212.jpg  1.658916e-19   \n",
      "11      /Users/bab226/Pictures/test_dataset/20200718_172114.jpg -5.206847e-19   \n",
      "24      /Users/bab226/Pictures/test_dataset/20220411_102444.jpg -2.184180e-18   \n",
      "45      /Users/bab226/Pictures/test_dataset/20230328_184153.jpg -1.486032e-19   \n",
      "34      /Users/bab226/Pictures/test_dataset/20220727_181333.jpg  1.225629e-19   \n",
      "36      /Users/bab226/Pictures/test_dataset/20220727_221702.jpg -1.629282e-19   \n",
      "33      /Users/bab226/Pictures/test_dataset/20220716_161322.jpg -1.077282e-18   \n",
      "12      /Users/bab226/Pictures/test_dataset/20200904_191741.jpg -7.010937e-19   \n",
      "38      /Users/bab226/Pictures/test_dataset/20220819_191139.jpg  1.633364e-19   \n",
      "3       /Users/bab226/Pictures/test_dataset/20191019_135455.jpg -1.073884e-19   \n",
      "48      /Users/bab226/Pictures/test_dataset/20230423_115856.jpg  5.025312e-19   \n",
      "37      /Users/bab226/Pictures/test_dataset/20220727_233854.jpg -1.851489e-19   \n",
      "47      /Users/bab226/Pictures/test_dataset/20230422_075736.jpg -3.851223e-19   \n",
      "25      /Users/bab226/Pictures/test_dataset/20220411_112227.jpg  5.493998e-19   \n",
      "28      /Users/bab226/Pictures/test_dataset/20220609_165057.jpg -3.740873e-19   \n",
      "2       /Users/bab226/Pictures/test_dataset/20191012_113442.jpg  4.726653e-20   \n",
      "23      /Users/bab226/Pictures/test_dataset/20220411_102310.jpg -1.426187e-19   \n",
      "39      /Users/bab226/Pictures/test_dataset/20230101_113633.jpg -4.599899e-19   \n",
      "16      /Users/bab226/Pictures/test_dataset/20211119_113429.jpg -7.702822e-19   \n",
      "15      /Users/bab226/Pictures/test_dataset/20211119_113427.jpg -8.442064e-19   \n",
      "\n",
      "           2         3         4         5         6         7         8  \\\n",
      "52  0.000050  0.380392  0.003226  0.000066  0.323763  0.002403  0.000043   \n",
      "4   0.000425  0.317647  0.016649  0.000294  0.268026  0.013784  0.000174   \n",
      "9   0.000293  0.313725  0.014325  0.000632  0.495750  0.011503  0.000345   \n",
      "27  0.000027  0.062745  0.001692  0.000004  0.071810  0.001624  0.000004   \n",
      "54  0.000070  0.439216  0.005054  0.000082  0.361915  0.003761  0.000054   \n",
      "22  0.000432  0.368627  0.010192  0.000095  0.275631  0.009700  0.000066   \n",
      "5   0.000273  0.470588  0.011977  0.000282  0.358042  0.009788  0.000168   \n",
      "53  0.000147  1.000000  0.006137  0.000157  0.383482  0.004658  0.000103   \n",
      "10  0.000722  0.501961  0.013188  0.000355  0.482115  0.013207  0.000212   \n",
      "49  0.000520  0.764706  0.007364  0.000407  0.517344  0.006028  0.000313   \n",
      "17  0.001866  0.505882  0.021851  0.001314  0.564989  0.020324  0.000855   \n",
      "51  0.000122  0.847059  0.003341  0.000161  0.567918  0.002526  0.000106   \n",
      "19  0.001852  0.678431  0.017325  0.000785  0.626962  0.017535  0.000531   \n",
      "50  0.000150  0.949020  0.004154  0.000135  0.521593  0.003242  0.000099   \n",
      "13  0.002492  0.772549  0.020206  0.000567  0.613824  0.021521  0.000421   \n",
      "57  0.001716  0.756863  0.026855  0.001922  0.581148  0.021147  0.001228   \n",
      "30  0.001247  0.788235  0.018656  0.000555  0.549762  0.017042  0.000395   \n",
      "20  0.001754  0.835294  0.018097  0.000743  0.520625  0.017817  0.000542   \n",
      "7   0.001570  0.784314  0.019951  0.000765  0.655038  0.018731  0.000495   \n",
      "0   0.001765  0.827451  0.022101  0.001600  0.587477  0.019269  0.000992   \n",
      "1   0.003444  0.694118  0.030390  0.001270  0.608811  0.028787  0.000846   \n",
      "29  0.002325  1.098039  0.014246  0.001558  0.714345  0.014594  0.001086   \n",
      "35  0.001082  1.015686  0.021770  0.001372  0.611931  0.017579  0.000833   \n",
      "18  0.004970  0.913725  0.030542  0.006046  0.677596  0.024979  0.003962   \n",
      "46  0.003391  0.913725  0.026933  0.001666  0.583827  0.025580  0.001204   \n",
      "6   0.002512  1.007843  0.022987  0.001304  0.685378  0.021876  0.000878   \n",
      "56  0.001116  1.835294  0.010259  0.000664  0.660820  0.008445  0.000514   \n",
      "8   0.004161  1.070588  0.021075  0.004956  0.660741  0.017436  0.003278   \n",
      "40  0.002478  0.968627  0.024342  0.000959  0.633413  0.023097  0.000673   \n",
      "43  0.003049  0.901961  0.030031  0.002110  0.630215  0.027442  0.001319   \n",
      "55  0.004839  2.149020  0.019817  0.001295  0.661173  0.018153  0.001279   \n",
      "21  0.001807  1.054902  0.023550  0.001605  0.612324  0.020746  0.001007   \n",
      "26  0.001675  1.364706  0.019551  0.001198  0.709211  0.018264  0.000789   \n",
      "31  0.003383  1.282353  0.017554  0.002809  0.661006  0.016062  0.001930   \n",
      "41  0.004193  1.415686  0.023235  0.003008  0.707849  0.020691  0.002215   \n",
      "14  0.002615  1.325490  0.022627  0.001620  0.691944  0.020637  0.001115   \n",
      "32  0.001676  1.101961  0.018617  0.000885  0.682291  0.017813  0.000608   \n",
      "42  0.004765  1.466667  0.024776  0.002847  0.706593  0.022357  0.002168   \n",
      "44  0.016943  1.898039  0.039404  0.004441  0.699580  0.038306  0.004440   \n",
      "11  0.003259  1.239216  0.022466  0.000856  0.595268  0.023931  0.000690   \n",
      "24  0.002587  1.274510  0.019285  0.000950  0.681510  0.019907  0.000731   \n",
      "45  0.006630  1.223529  0.026237  0.003978  0.646482  0.022364  0.003081   \n",
      "34  0.004106  1.470588  0.023698  0.002137  0.694603  0.022161  0.001737   \n",
      "36  0.003351  1.517647  0.029053  0.002960  0.737349  0.024998  0.001944   \n",
      "33  0.005496  1.160784  0.030257  0.002771  0.690637  0.027089  0.002141   \n",
      "12  0.006407  0.976471  0.046190  0.004936  0.640189  0.038743  0.003384   \n",
      "38  0.003950  1.290196  0.024968  0.001999  0.700568  0.023258  0.001516   \n",
      "3   0.004625  1.250980  0.025794  0.002618  0.656530  0.023078  0.002011   \n",
      "48  0.014722  1.615686  0.042155  0.011115  0.672140  0.034837  0.008150   \n",
      "37  0.005922  1.298039  0.042221  0.003930  0.698931  0.036036  0.002694   \n",
      "47  0.006824  1.121569  0.036544  0.004256  0.674585  0.031338  0.003243   \n",
      "25  0.009087  1.349020  0.039775  0.005018  0.681003  0.035403  0.003939   \n",
      "28  0.006367  0.792157  0.062857  0.005419  0.560311  0.050148  0.003524   \n",
      "2   0.007488  1.086275  0.048585  0.003183  0.649731  0.041699  0.002454   \n",
      "23  0.012367  1.301961  0.063643  0.004980  0.633568  0.053863  0.003812   \n",
      "39  0.012935  1.027451  0.074559  0.007607  0.616292  0.061267  0.005488   \n",
      "16  0.020128  1.376471  0.081481  0.008106  0.654092  0.069394  0.006385   \n",
      "15  0.020162  1.392157  0.082963  0.009733  0.679672  0.069627  0.007343   \n",
      "\n",
      "           9     sharp  defocused    motion  \n",
      "52  0.292163  0.028890   0.626015  0.345096  \n",
      "4   0.231406  0.043012   0.720660  0.236328  \n",
      "9   0.420779  0.051023   0.548080  0.400897  \n",
      "27  0.056080  0.051029   0.736155  0.212815  \n",
      "54  0.403998  0.056374   0.239861  0.703765  \n",
      "22  0.330542  0.059305   0.455152  0.485543  \n",
      "5   0.336890  0.071098   0.397646  0.531255  \n",
      "53  0.341739  0.118198   0.264180  0.617622  \n",
      "10  0.470335  0.128179   0.101228  0.770593  \n",
      "49  0.608046  0.177087   0.002777  0.820136  \n",
      "17  0.541304  0.185782   0.044498  0.769721  \n",
      "51  0.652968  0.225190   0.001885  0.772925  \n",
      "19  0.648738  0.244632   0.003486  0.751882  \n",
      "50  0.558992  0.363448   0.005838  0.630714  \n",
      "13  0.650567  0.461543   0.001447  0.537011  \n",
      "57  0.652278  0.465219   0.001162  0.533619  \n",
      "30  0.546556  0.491426   0.006834  0.501739  \n",
      "20  0.551012  0.511726   0.005038  0.483236  \n",
      "7   0.618390  0.550150   0.003621  0.446229  \n",
      "0   0.595898  0.607874   0.002701  0.389425  \n",
      "1   0.553386  0.639446   0.008055  0.352499  \n",
      "29  0.819842  0.707178   0.000625  0.292197  \n",
      "35  0.745191  0.722201   0.000445  0.277354  \n",
      "18  0.764716  0.726461   0.000431  0.273109  \n",
      "46  0.637403  0.770550   0.000707  0.228744  \n",
      "6   0.759940  0.773853   0.000389  0.225758  \n",
      "56  0.854902  0.774576   0.005717  0.219706  \n",
      "8   0.778434  0.776708   0.000336  0.222956  \n",
      "40  0.698138  0.780742   0.000442  0.218816  \n",
      "43  0.678839  0.790525   0.000465  0.209010  \n",
      "55  0.861001  0.812219   0.006494  0.181287  \n",
      "21  0.706274  0.819972   0.000328  0.179699  \n",
      "26  0.886830  0.835370   0.000591  0.164039  \n",
      "31  0.792506  0.852347   0.000416  0.147237  \n",
      "41  0.900053  0.856343   0.000616  0.143041  \n",
      "14  0.859047  0.865084   0.000367  0.134549  \n",
      "32  0.643544  0.868447   0.001037  0.130516  \n",
      "42  0.845100  0.886809   0.000836  0.112355  \n",
      "44  0.782375  0.889963   0.003441  0.106596  \n",
      "11  0.611815  0.895882   0.001005  0.103113  \n",
      "24  0.700854  0.898219   0.000752  0.101029  \n",
      "45  0.761148  0.900585   0.000214  0.099201  \n",
      "34  0.768787  0.902227   0.001077  0.096696  \n",
      "36  0.790199  0.908132   0.001503  0.090365  \n",
      "33  0.778493  0.908964   0.000170  0.090866  \n",
      "12  0.760405  0.918112   0.000054  0.081835  \n",
      "38  0.733847  0.919174   0.000520  0.080306  \n",
      "3   0.692226  0.920407   0.000450  0.079143  \n",
      "48  0.780875  0.939271   0.000844  0.059886  \n",
      "37  0.854938  0.945154   0.000111  0.054735  \n",
      "47  0.641179  0.954215   0.000870  0.044915  \n",
      "25  0.754864  0.958317   0.000715  0.040968  \n",
      "28  0.531376  0.963374   0.001278  0.035349  \n",
      "2   0.630593  0.976228   0.000278  0.023495  \n",
      "23  0.698315  0.989781   0.000057  0.010162  \n",
      "39  0.698083  0.992384   0.000033  0.007583  \n",
      "16  0.760794  0.994973   0.000015  0.005012  \n",
      "15  0.751290  0.995207   0.000014  0.004779  \n"
     ]
    }
   ],
   "source": [
    "# Sort by probability of sharpness:\n",
    "pd.set_option('display.max_colwidth', None)\n",
    "test_df2.sort_values(by='sharp', ascending=True, inplace=True)\n",
    "print(test_df2)"
   ]
  },
  {
   "cell_type": "code",
   "execution_count": 23,
   "metadata": {},
   "outputs": [],
   "source": [
    "from sklearn import svm\n",
    "from sklearn.model_selection import train_test_split\n",
    "from sklearn.metrics import accuracy_score,confusion_matrix,f1_score, classification_report\n",
    "import joblib\n",
    "\n",
    "all_data = np.array(test_df)\n",
    "\n",
    "# You can now use loaded_model to make predictions without retraining.\n",
    "loaded_model = joblib.load('svm_model.joblib')\n",
    "loaded_pred = loaded_model.predict(all_data)\n",
    "#print(\"Loaded model Accuracy:\",accuracy_score(y_valid,loaded_pred))"
   ]
  },
  {
   "cell_type": "code",
   "execution_count": 24,
   "metadata": {},
   "outputs": [],
   "source": [
    "probabilities = loaded_model.predict_proba(all_data)"
   ]
  },
  {
   "cell_type": "code",
   "execution_count": 25,
   "metadata": {},
   "outputs": [
    {
     "name": "stdout",
     "output_type": "stream",
     "text": [
      "[[6.07873685e-01 2.70136909e-03 3.89424946e-01]\n",
      " [6.39445672e-01 8.05514350e-03 3.52499185e-01]\n",
      " [9.76227532e-01 2.77838741e-04 2.34946296e-02]\n",
      " [9.20406755e-01 4.50126308e-04 7.91431187e-02]\n",
      " [4.30122747e-02 7.20659587e-01 2.36328139e-01]\n",
      " [7.10984548e-02 3.97646335e-01 5.31255211e-01]\n",
      " [7.73853018e-01 3.88727942e-04 2.25758254e-01]\n",
      " [5.50150304e-01 3.62082989e-03 4.46228867e-01]\n",
      " [7.76708213e-01 3.36058252e-04 2.22955728e-01]\n",
      " [5.10229865e-02 5.48079699e-01 4.00897314e-01]\n",
      " [1.28178689e-01 1.01228064e-01 7.70593247e-01]\n",
      " [8.95882053e-01 1.00544171e-03 1.03112506e-01]\n",
      " [9.18111682e-01 5.36454992e-05 8.18346725e-02]\n",
      " [4.61542672e-01 1.44672409e-03 5.37010604e-01]\n",
      " [8.65083691e-01 3.66871115e-04 1.34549438e-01]\n",
      " [9.95206586e-01 1.39642305e-05 4.77944944e-03]\n",
      " [9.94972687e-01 1.50106713e-05 5.01230214e-03]\n",
      " [1.85781616e-01 4.44976357e-02 7.69720748e-01]\n",
      " [7.26460805e-01 4.30686266e-04 2.73108508e-01]\n",
      " [2.44631795e-01 3.48610279e-03 7.51882102e-01]\n",
      " [5.11726433e-01 5.03751467e-03 4.83236053e-01]\n",
      " [8.19972122e-01 3.28440047e-04 1.79699438e-01]\n",
      " [5.93051940e-02 4.55151954e-01 4.85542852e-01]\n",
      " [9.89780740e-01 5.74277722e-05 1.01618322e-02]\n",
      " [8.98219219e-01 7.52055012e-04 1.01028726e-01]\n",
      " [9.58317180e-01 7.14814642e-04 4.09680052e-02]\n",
      " [8.35369573e-01 5.91424906e-04 1.64039002e-01]\n",
      " [5.10293173e-02 7.36155310e-01 2.12815373e-01]\n",
      " [9.63373832e-01 1.27755203e-03 3.53486159e-02]\n",
      " [7.07177684e-01 6.25167504e-04 2.92197148e-01]\n",
      " [4.91426329e-01 6.83437651e-03 5.01739294e-01]\n",
      " [8.52347092e-01 4.15662522e-04 1.47237245e-01]\n",
      " [8.68446789e-01 1.03724170e-03 1.30515969e-01]\n",
      " [9.08963991e-01 1.69697688e-04 9.08663112e-02]\n",
      " [9.02227110e-01 1.07690603e-03 9.66959835e-02]\n",
      " [7.22201291e-01 4.44647995e-04 2.77354061e-01]\n",
      " [9.08131972e-01 1.50320364e-03 9.03648239e-02]\n",
      " [9.45153905e-01 1.11055721e-04 5.47350393e-02]\n",
      " [9.19173937e-01 5.19649460e-04 8.03064131e-02]\n",
      " [9.92383703e-01 3.28086978e-05 7.58348784e-03]\n",
      " [7.80742404e-01 4.41979373e-04 2.18815617e-01]\n",
      " [8.56342637e-01 6.16180832e-04 1.43041183e-01]\n",
      " [8.86808934e-01 8.35723307e-04 1.12355343e-01]\n",
      " [7.90525280e-01 4.64596437e-04 2.09010123e-01]\n",
      " [8.89962832e-01 3.44080622e-03 1.06596362e-01]\n",
      " [9.00585033e-01 2.14293421e-04 9.92006740e-02]\n",
      " [7.70549922e-01 7.06506597e-04 2.28743572e-01]\n",
      " [9.54215374e-01 8.69720217e-04 4.49149059e-02]\n",
      " [9.39270849e-01 8.43504224e-04 5.98856467e-02]\n",
      " [1.77087051e-01 2.77661607e-03 8.20136333e-01]\n",
      " [3.63447871e-01 5.83840257e-03 6.30713726e-01]\n",
      " [2.25189602e-01 1.88510772e-03 7.72925290e-01]\n",
      " [2.88897149e-02 6.26014559e-01 3.45095726e-01]\n",
      " [1.18198267e-01 2.64179808e-01 6.17621925e-01]\n",
      " [5.63743940e-02 2.39861103e-01 7.03764503e-01]\n",
      " [8.12219052e-01 6.49426268e-03 1.81286686e-01]\n",
      " [7.74576192e-01 5.71732367e-03 2.19706484e-01]\n",
      " [4.65218712e-01 1.16186604e-03 5.33619422e-01]]\n"
     ]
    }
   ],
   "source": [
    "print(probabilities)"
   ]
  },
  {
   "cell_type": "code",
   "execution_count": null,
   "metadata": {},
   "outputs": [],
   "source": []
  }
 ],
 "metadata": {
  "kernelspec": {
   "display_name": "jupyter_env",
   "language": "python",
   "name": "python3"
  },
  "language_info": {
   "codemirror_mode": {
    "name": "ipython",
    "version": 3
   },
   "file_extension": ".py",
   "mimetype": "text/x-python",
   "name": "python",
   "nbconvert_exporter": "python",
   "pygments_lexer": "ipython3",
   "version": "3.9.18"
  }
 },
 "nbformat": 4,
 "nbformat_minor": 2
}
